[__libviewer_enabled_renderers]
Drake URDF=true
Grid=true
LCM GL=true

[__libviewer_show_renderers]
Grid=false
LCM GL=false

[__libviewer_bookmarks]
bookmark_0=4.287078562206224;-1.8801287140428482;1.3436924410569;1.5574008183656489;1.4272241648801314;0;-0.19032648060129539;0.23060481588801299;0.95425219395670258;1;1;
bookmark_1=-1.0682774260090357;-2.026686714045165;1.1711304045883131;1.5574008183656489;1.4272241648801314;0;0.70875220020098684;0.932317941080963;4.3386272716771881;1;1;
bookmark_2=0;0;0;0;0;0;0;0;0;0;0;
bookmark_3=0;0;0;0;0;0;0;0;0;0;0;
bookmark_4=0;0;0;0;0;0;0;0;0;0;0;
bookmark_5=0;0;0;0;0;0;0;0;0;0;0;

[Grid]
Ground=false
Automatic Spacing=true
Rotation=0
Light=true
Spacing=0.5
